4294967279,35
4294967279,32
4294967279,31
4294967279,29
4294967279,28
4294967279,25
4294967279,22
4294967279,20
4294967279,19
4294967279,17
4294967279,16
4294967279,15
4294967279,14
4294967279,10
4294967278,208
4294967294,7
4294967294,99
4294967294,76
4294967294,41
4294967294,30
4294967294,61
4294967278,207
4294967294,423
4294967294,43
4294967294,416
4294967294,51
4294967294,12
4294967294,1074
4294967278,206
4294967294,92
4294967294,88
4294967294,82
4294967294,1414
4294967294,11
4294967294,68
4294967278,132
4294967278,131
4294967278,130
4294967278,129
4294967278,128
4294967278,127
4294967278,126
4294967278,125
4294967278,124
4294967278,123
4294967278,122
4294967278,121
4294967278,120
4294967278,119
4294967278,118
4294967278,117
4294967278,116
4294967278,115
4294967278,114
4294967278,113
4294967278,112
4294967278,111
4294967278,110
4294967278,109
4294967278,108
4294967278,107
4294967278,106
4294967278,105
4294967278,104
4294967278,103
4294967278,102
4294967278,101
4294967278,100
4294967278,99
4294967278,98
4294967278,97
4294967278,96
4294967278,95
4294967278,94
4294967278,92
4294967278,91
4294967278,90
4294967278,89
4294967278,84
4294967278,82
4294967278,81
4294967278,80
4294967278,79
4294967278,77
4294967278,76
4294967278,75
4294967278,74
4294967278,73
4294967278,72
4294967278,70
4294967278,69
4294967278,309
4294967278,67
4294967278,66
4294967278,65
4294967278,64
4294967278,63
4294967278,62
4294967278,61
4294967278,60
4294967278,59
4294967278,0
4294967278,260
4294967279,78
4294967279,72
4294967279,69
4294967279,68
4294967279,519
4294967279,66
4294967279,62
4294967279,60
4294967279,58
4294967279,55
4294967279,53
4294967279,298
4294967279,293
4294967279,47
4294967279,292
4294967279,291
4294967279,42
4294967279,40
4294967279,39
4294967279,515
4294967279,38
4294967279,36
4294967279,34
4294967279,33
4294967279,30
4294967279,545
4294967279,27
4294967279,26
4294967279,286
4294967279,285
4294967279,24
4294967279,23
4294967279,571
4294967279,21
4294967279,269
4294967279,18
4294967279,13
4294967279,12
4294967279,11
4294967279,9
4294967279,8
4294967279,7
4294967279,6
4294967279,5
4294967279,4
4294967278,93
4294967278,360
4294967294,1418
4294967278,204
4294967278,203
72,4
72,3
72,2
72,1
4294967279,268
4294967278,202
4294967294,204
4294967278,201
4294967278,87
4294967278,359
4294967294,5
4294967278,78
4294967294,81
4294967294,50
4294967279,575
4294967279,0
4294967278,86
4294967278,334
4294967278,85
4294967278,358
4294967278,197
4294967294,36
4294967294,39
4294967294,1421
4294967294,1420
4294967294,46
4294967294,393
4294967294,472
4294967279,309
4294967278,196
4294967278,372
4294967278,83
4294967278,195
4294967278,194
4294967294,89
4294967278,191
4294967278,193
71,5
4294967279,193
71,4
4294967278,192
71,3
71,2
71,1
4294967278,332
4294967279,75
4294967278,190
4294967278,189
4294967279,189
4294967278,188
4294967294,408
4294967294,385
4294967294,420
4294967294,406
4294967294,1040
4294967294,453
4294967294,118
4294967294,110
4294967294,190
4294967294,468
4294967294,469
4294967278,187
4294967278,71
4294967278,186
4294967294,94
4294967294,96
4294967279,186
69,4
4294967278,185
69,3
69,2
69,1
4294967278,328
0,7
4294967278,184
4294967294,22
4294967294,17
4294967294,1031
4294967294,185
4294967294,6
0,5
4294967278,68
4294967294,67
4294967294,42
4294967294,1
4294967294,436
4294967294,2
4294967294,0
4294967294,120
4294967278,181
4294967294,91
4294967294,87
4294967294,84
4294967294,83
4294967294,470
4294967294,29
4294967294,28
4294967294,1048
4294967294,27
4294967294,25
4294967294,26
4294967294,52
4294967294,44
4294967294,201
4294967278,327
4294967294,93
4294967294,95
4294967278,310
4294967279,183
68,6
4294967294,471
4294967279,574
68,5
68,4
68,3
68,2
68,1
4294967279,573
4294967278,335
67,5
67,4
67,3
67,2
67,1
4294967279,572
66,5
66,4
66,3
66,2
66,1
65,5
65,4
65,3
65,2
65,1
63,4
63,3
63,2
63,1
4294967278,279
4294967279,570
4294967293,131
4294967293,130
4294967293,129
4294967293,128
4294967293,127
4294967293,126
4294967293,125
4294967293,124
4294967293,123
4294967293,122
4294967293,121
4294967293,120
4294967293,119
4294967293,118
4294967293,117
4294967293,116
4294967293,115
4294967293,114
4294967293,113
4294967293,112
4294967293,111
4294967293,110
4294967293,109
